Au      -0.0000332   0.0000295  -2.7632976
Au       0.0001687  -0.0002305   2.7631505
Au      -0.3996659   2.4386540  -1.2361764
Au      -1.7564330   1.7388871   1.2356577
Au      -2.4432305   0.3732449  -1.2357504
Au      -2.1965977  -1.1329542   1.2358318
Au      -1.1101163  -2.2083319  -1.2351949
Au       0.3996724  -2.4383172   1.2366434
Au       1.7561118  -1.7391878  -1.2356648
Au       2.4434723  -0.3730147   1.2352889
Au       2.1964847   1.1328564  -1.2358055
Au       1.1101771   2.2083546   1.2353244
V       -0.0000332   0.0000295  -0.0000215
